"V1"	"V2"	"V3"	"V4"	"V5"	"V6"	"V7"	"V8"	"V9"	"V10"	"V11"	"V12"	"V13"	"V14"	"V15"	"V16"	"V17"	"V18"	"V19"	"V20"
-3511.60251292286	-3512.883916803	-3481.88830307812	-3471.12234071235	-3480.77451766082	-3482.37312835105	-3514.21186381182	-3501.74952405038	-3502.65005905476	-3501.11095187204	-3501.1602024289	-3506.95098026222	-3512.09040956686	-3505.45398351332	-3506.28331343331	-3510.5568723565	-3509.71316775555	-3511.80363794298	-3511.83126189593	-3509.65697702211
-3511.60251292286	-3453.66477510994	-3400.69396229585	-3429.58662517655	-3411.71985320137	-3435.06313333036	-3502.95465561356	-3481.13123584377	-3476.49446522012	-3487.08762984431	-3491.33293772065	-3502.73750956281	-3505.76954086037	-3500.23883759161	-3499.5856190507	-3506.84369614765	-3505.63505308226	-3509.85486224537	-3508.53367081394	-3506.4874293287
-3511.60251292286	-3253.82572118683	-3258.12857314735	-3351.86295252714	-3284.33667941908	-3364.74833439611	-3470.49976851402	-3452.82583630238	-3439.52373027804	-3467.99379384688	-3476.5296680733	-3495.13123819039	-3498.41865820586	-3492.49272900392	-3490.00476957959	-3500.88375259523	-3499.20505418529	-3507.09272337054	-3503.74933073284	-3501.83269701585
-3511.60251292286	-3060.06226304617	-2878.41870869386	-3052.80337775304	-2908.66861609123	-2977.29162570183	-3377.84116389483	-3386.54794772701	-3375.97715943272	-3444.00962548784	-3457.49705293633	-3483.20116662486	-3490.01086334318	-3483.34143822983	-3478.6626126934	-3492.08491743962	-3490.59110179547	-3503.11759703902	-3497.69859651276	-3495.9924976116
-3511.60251292286	-3058.65196506421	-2821.48128849791	-2839.12814493846	-2770.11132805392	-2606.49130734204	-3000.08600847757	-3041.70928490483	-3112.56841478919	-3395.0404783969	-3430.84413891966	-3468.08140603861	-3480.78558090441	-3473.9460804038	-3465.64875978323	-3481.59230594318	-3481.03713037977	-3497.74049630088	-3490.97747257138	-3489.95000925956
-3511.60251292286	-3058.65175171855	-2821.20487966255	-2682.41462031197	-2605.82818634836	-2496.16928823895	-2834.76319808652	-2756.75251694681	-2752.95893733837	-3127.0816002849	-3367.58702401718	-3444.75898652078	-3468.90611717056	-3460.4788259123	-3442.27363804234	-3468.28360764393	-3469.89599682269	-3491.99140614142	-3483.70933944917	-3484.35280198525
-3511.60251292286	-3058.65175171304	-2821.20464380357	-2665.52753752098	-2555.420236556	-2473.33769684236	-2670.68210442089	-2579.11863001504	-2618.87907292775	-2670.44261659924	-2906.81626042364	-3377.35648094424	-3443.26147937595	-3425.7814667958	-3358.63257541451	-3435.68283418948	-3451.31946773218	-3486.90287088748	-3474.21540786876	-3478.03058291207
-3511.60251292286	-3058.65175171304	-2821.20464339811	-2665.50157530819	-2554.58163498028	-2471.5976340519	-2568.04085114569	-2472.79196283422	-2549.22600864148	-2502.25825318066	-2604.84075551681	-2900.79400480869	-3324.34467945366	-3223.87584750937	-2844.19546969639	-3202.7109944721	-3408.14006885864	-3481.87386104412	-3458.95260409273	-3467.75537682224
-3511.60251292286	-3058.65175171304	-2821.20464301768	-2665.50154638698	-2554.5787290326	-2471.56681586511	-2516.65418511183	-2413.21036584339	-2475.38621046427	-2407.2246745681	-2491.30973662182	-2656.90204690086	-2990.97069171514	-2799.5761172848	-2729.17145431269	-2796.0925037912	-3096.40974001362	-3474.68791343683	-3427.19137469793	-3443.68084281458
-3511.60251292286	-3058.65175171304	-2821.20464259973	-2665.50153897644	-2554.5787220954	-2471.56650596428	-2437.15116256668	-2377.81393776061	-2417.04647761015	-2352.51594447943	-2420.71709128622	-2518.30939740774	-2774.53038446948	-2677.43765623762	-2551.97410391801	-2711.34503473892	-2776.53814004986	-3459.55500674221	-3182.08734971804	-3335.45579898525
-3511.60251292286	-3058.65175171304	-2821.20464214574	-2665.50153118482	-2554.57872208394	-2471.56650401334	-2408.27286191349	-2358.47866292392	-2396.76270690927	-2325.15395246847	-2352.66777080914	-2412.04795740618	-2503.05280429692	-2543.44837440524	-2468.60735650242	-2570.33830090206	-2649.27643365752	-3414.02941698635	-2970.03781852377	-2784.9675079294
-3511.60251292286	-3058.65175171304	-2821.20464165734	-2665.50152310788	-2554.57872208269	-2471.56650399038	-2407.61796544837	-2357.52148414407	-2364.41441939085	-2313.44012840304	-2314.43052103968	-2360.46157706344	-2430.01881096931	-2409.32065468016	-2391.86059271846	-2427.62118634353	-2472.38629024493	-2883.28150703442	-2774.0214991535	-2682.98201570702
-3511.60251292286	-3058.65175171304	-2821.2046411363	-2665.50151485832	-2554.57872208159	-2471.56650397789	-2407.61467253114	-2357.50681446125	-2354.14873988581	-2301.50490151604	-2292.6313862423	-2316.24415888848	-2362.44244790342	-2338.66106248738	-2320.0084410274	-2337.62757021441	-2349.31207586164	-2624.93425835905	-2535.74044198862	-2481.69494196938
-3511.60251292286	-3058.65175171304	-2821.20464058452	-2665.50150655299	-2554.57872208064	-2471.56650396823	-2407.61466103404	-2357.50665786715	-2336.19518246069	-2289.25262513495	-2281.91777929684	-2286.21811153241	-2317.78383480391	-2299.61256544757	-2274.9299811247	-2291.76655113	-2274.12610968208	-2500.93631622096	-2391.58002609679	-2408.74012765975
-3511.60251292286	-3058.65175171304	-2821.20464000403	-2665.50149830919	-2554.57872207984	-2471.56650396096	-2407.614661005	-2357.50665476393	-2318.81513053103	-2286.69019818911	-2271.59802237319	-2269.60645910067	-2289.51921705888	-2281.0147198367	-2247.41044516235	-2264.90766960421	-2246.1612897534	-2389.59584660954	-2314.47240120948	-2337.35906958962
-3511.60251292286	-3058.65175171304	-2821.20463939699	-2665.50149024057	-2554.57872207917	-2471.56650395564	-2407.61466100493	-2357.50665354246	-2317.91883778713	-2286.55484132443	-2263.44856705498	-2258.63719377698	-2272.48582646342	-2266.76595252254	-2229.78505820917	-2247.25687639842	-2226.3367739712	-2320.59482902166	-2269.60450360187	-2290.10797268964
-3511.60251292286	-3058.65175171304	-2821.20463876566	-2665.5014824529	-2554.57872207863	-2471.56650395187	-2407.61466100493	-2357.5066528204	-2317.90692002076	-2286.5501946213	-2261.94116619625	-2248.00626999891	-2261.83916033705	-2250.31152457522	-2221.28769303874	-2228.55054977385	-2212.66284679927	-2282.23664905493	-2242.53346489223	-2255.25177725196
-3511.60251292286	-3058.65175171304	-2821.2046381124	-2665.50147504013	-2554.5787220782	-2471.56650394926	-2407.61466100493	-2357.50665240797	-2317.90678389128	-2286.55006588405	-2261.66887650371	-2242.23620319631	-2256.81918155838	-2236.63986658046	-2215.75907086514	-2215.14474439739	-2204.87680335379	-2256.72395696071	-2222.5747023658	-2227.53272949406
-3511.60251292286	-3058.65175171304	-2821.20463743967	-2665.50146808099	-2554.57872207786	-2471.5665039475	-2407.61466100493	-2357.50665218134	-2317.90677095446	-2286.55006297918	-2261.65668035572	-2241.37662271907	-2247.84032400215	-2227.0176460341	-2211.99523331427	-2205.38353426501	-2201.49382690748	-2237.71602013846	-2209.5452617072	-2210.73423145885
-3511.60251292286	-3058.65175171304	-2821.20463674999	-2665.50146163662	-2554.5787220776	-2471.56650394635	-2407.61466100493	-2357.50665206146	-2317.90676437028	-2286.550062915	-2261.65642991806	-2241.30879611775	-2233.19426623663	-2219.69241532295	-2209.88679999396	-2199.23341102055	-2199.83661175385	-2226.75203204381	-2201.96846443275	-2201.56439195731
-3511.60251292286	-3058.65175171304	-2821.20463604598	-2665.50145574923	-2554.57872207741	-2471.56650394562	-2407.61466100493	-2357.50665200042	-2317.90676093551	-2286.55006290689	-2261.65642119061	-2241.3044567197	-2226.13786176366	-2214.06262349846	-2207.63719996954	-2195.68755740387	-2198.04052952214	-2220.54914219092	-2196.94965240928	-2195.20687809166
-3511.60251292286	-3058.65175171304	-2821.20463533026	-2665.50145044198	-2554.57872207727	-2471.56650394517	-2407.61466100493	-2357.50665197048	-2317.90675921142	-2286.55006290244	-2261.656420934	-2241.3042159003	-2225.04509537028	-2211.84838355774	-2204.68670668514	-2193.77195381927	-2196.34139879003	-2214.47219787569	-2193.54401270772	-2190.96341746012
-3511.60251292286	-3058.65175171304	-2821.20463460551	-2665.50144571998	-2554.57872207716	-2471.56650394489	-2407.61466100493	-2357.50665195633	-2317.90675837812	-2286.55006289983	-2261.65642092436	-2241.30420425464	-2224.9393375201	-2211.38679977865	-2202.36524734715	-2192.7566664448	-2194.65560694695	-2208.6922789153	-2191.57497080967	-2187.51518184527
-3511.60251292286	-3058.65175171304	-2821.20463387443	-2665.5014415722	-2554.57872207709	-2471.56650394473	-2407.61466100493	-2357.50665194989	-2317.90675798998	-2286.55006289833	-2261.65642092198	-2241.30420374457	-2224.9306192367	-2211.32049715891	-2200.94747558246	-2192.43347411656	-2193.21669613702	-2203.4928796585	-2190.02666633099	-2184.99614382509
-3511.60251292286	-3058.65175171304	-2821.20463313968	-2665.50143797413	-2554.57872207703	-2471.56650394464	-2407.61466100493	-2357.50665194707	-2317.90675781565	-2286.5500628975	-2261.65642092056	-2241.30420369471	-2224.92997649589	-2211.31228161325	-2200.66709861646	-2192.35043275337	-2192.19478610721	-2198.10292718341	-2188.56333461037	-2182.79577375638
-3511.60251292286	-3058.65175171304	-2821.20463240393	-2665.50143489071	-2554.578722077	-2471.56650394459	-2407.61466100493	-2357.50665194588	-2317.90675774014	-2286.55006289705	-2261.65642091971	-2241.30420364496	-2224.92993401375	-2211.31135371957	-2200.61778093667	-2192.32902995108	-2191.33619386279	-2193.70780772516	-2186.15637133458	-2181.43524371658
-3511.60251292286	-3058.65175171304	-2821.20463166979	-2665.50143227945	-2554.57872207698	-2471.56650394456	-2407.61466100493	-2357.50665194539	-2317.90675770858	-2286.55006289681	-2261.65642091919	-2241.30420356821	-2224.92993149663	-2211.31125765631	-2200.60953070836	-2192.32369556561	-2190.32169143674	-2190.47472237814	-2184.67507587457	-2180.58508738333
-3511.60251292286	-3058.65175171304	-2821.2046309398	-2665.50143009334	-2554.57872207696	-2471.56650394454	-2407.61466100493	-2357.5066519452	-2317.90675769585	-2286.55006289669	-2261.65642091889	-2241.30420344679	-2224.92993136219	-2211.31124854061	-2200.60824739595	-2192.32243167087	-2189.05576605217	-2188.04109000271	-2183.52008118615	-2180.00934062415
-3511.60251292286	-3058.65175171304	-2821.20463021644	-2665.50142828352	-2554.57872207695	-2471.56650394453	-2407.61466100493	-2357.50665194513	-2317.9067576909	-2286.55006289663	-2261.65642091872	-2241.30420325196	-2224.92993134858	-2211.31124774784	-2200.60806109375	-2192.32214796	-2187.75502365959	-2186.82525063669	-2182.64917620492	-2179.60330109455
-3511.60251292286	-3058.65175171304	-2821.20462950204	-2665.50142680141	-2554.57872207694	-2471.56650394453	-2407.61466100493	-2357.5066519451	-2317.90675768905	-2286.5500628966	-2261.65642091863	-2241.30420293486	-2224.92988865249	-2211.31124768466	-2200.60803585108	-2192.32208765329	-2186.78546665819	-2186.4095324248	-2182.07629968091	-2179.31152867618
-3511.60251292286	-3058.65175171304	-2821.20462879887	-2665.50142560043	-2554.57872207694	-2471.56650394453	-2407.61466100493	-2357.50665194509	-2317.90675768837	-2286.55006289659	-2261.65642091858	-2241.30420241139	-2224.69337077189	-2211.31124768004	-2200.60803265937	-2192.32207551571	-2186.31522747929	-2186.26226539563	-2181.75137142981	-2179.10099690085
-3511.60251292286	-3058.65175171304	-2821.20462810901	-2665.50142463723	-2554.57872207693	-2471.56650394453	-2407.61466100493	-2357.50665194509	-2317.90675768813	-2286.55006289658	-2261.65642091855	-2241.3042015348	-2224.57826988405	-2211.31124767974	-2200.60803228278	-2192.32207320269	-2186.14990792508	-2186.21072028302	-2181.58694526018	-2178.87106555611
-3511.60251292286	-3058.65175171304	-2821.20462743444	-2665.50142387247	-2554.57872207693	-2471.56650394453	-2407.61466100493	-2357.50665194509	-2317.90675768805	-2286.55006289658	-2261.65642091853	-2241.30420004579	-2224.57826108764	-2211.31124767972	-2200.60803224132	-2192.32207278533	-2186.10039952877	-2186.18999420363	-2181.50780570774	-2178.40849557208
-3511.60251292286	-3058.65175171304	-2821.20462677694	-2665.50142327121	-2554.57872207693	-2471.56650394453	-2407.61466100493	-2357.50665194509	-2317.90675768803	-2286.55006289658	-2261.65642091853	-2241.30419748018	-2224.57825890148	-2211.31124767971	-2200.60803223706	-2192.32207271401	-2186.08661847982	-2186.17673473504	-2181.4646573214	-2178.22292696663
-3511.60251292286	-3058.65175171304	-2821.20462613813	-2665.50142280302	-2554.57872207693	-2471.56650394453	-2407.61466100493	-2357.50665194509	-2317.90675768802	-2286.55006289658	-2261.65642091852	-2241.30419299646	-2224.57825656117	-2211.31124767971	-2200.60803223665	-2192.32207270247	-2186.08287680987	-2186.15773725137	-2181.43371404617	-2178.15396701994
-3511.60251292286	-3058.65175171304	-2821.20462551944	-2665.5014224419	-2554.57872207693	-2471.56650394453	-2407.61466100493	-2357.50665194509	-2317.90675768802	-2286.55006289658	-2261.65642091852	-2241.30418505043	-2224.57825405354	-2211.31124767971	-2200.60803223662	-2192.32207270071	-2186.08184668454	-2186.08931666925	-2181.41459412033	-2178.11913558539
-3511.60251292286	-3058.65175171304	-2821.20462492213	-2665.50142216595	-2554.57872207693	-2471.56650394453	-2407.61466100493	-2357.50665194509	-2317.90675768802	-2286.55006289658	-2261.65642091852	-2241.30417077684	-2224.57825136728	-2211.31124767971	-2200.60803223662	-2192.32207270045	-2186.08154226876	-2185.97543928667	-2181.40634670917	-2178.0970461797
-3511.60251292286	-3058.65175171304	-2821.20462434725	-2665.50142195701	-2554.57872207693	-2471.56650394453	-2407.61466100493	-2357.50665194509	-2317.90675768802	-2286.55006289658	-2261.65642091852	-2241.30414481035	-2224.57824849045	-2211.31124767971	-2200.60803223661	-2192.32207270041	-2186.08143795536	-2185.87449088429	-2181.40339641492	-2178.08056468392
-3511.60251292286	-3058.65175171304	-2821.20462379567	-2665.50142180024	-2554.57872207693	-2471.56650394453	-2407.61466100493	-2357.50665194509	-2317.90675768802	-2286.55006289658	-2261.65642091852	-2241.30409705043	-2224.57824541052	-2211.31124767972	-2200.60803223661	-2192.32207270041	-2186.08139432874	-2185.71122244012	-2181.40242272297	-2178.06857367112
-3511.60251292286	-3058.65175171304	-2821.20462326806	-2665.50142168367	-2554.57872207693	-2471.56650394453	-2407.61466100493	-2357.50665194509	-2317.90675768802	-2286.55006289658	-2261.65642091852	-2241.3040085215	-2224.57824211443	-2211.31124767971	-2200.60803223661	-2192.32207270041	-2186.08137258206	-2185.37627591042	-2181.40211566784	-2178.06133934701
-3511.60251292286	-3058.65175171304	-2821.20462276491	-2665.50142159777	-2554.57872207693	-2471.56650394453	-2407.61466100493	-2357.50665194509	-2317.90675768802	-2286.55006289658	-2261.65642091852	-2241.30384415919	-2224.57823858858	-2211.31124767971	-2200.60803223662	-2192.3220727004	-2186.08136050374	-2184.70607395847	-2181.40202187733	-2178.05756059265
-3511.60251292286	-3058.65175171304	-2821.20462228652	-2665.50142153502	-2554.57872207693	-2471.56650394453	-2407.61466100493	-2357.50665194509	-2317.90675768802	-2286.55006289658	-2261.65642091852	-2241.3035420389	-2224.57823481895	-2211.31124767971	-2200.60803223661	-2192.32207270041	-2186.08135343048	-2183.64779287697	-2181.40199378023	-2178.05559759463
-3511.60251292286	-3058.65175171304	-2821.20462183304	-2665.50142148958	-2554.57872207693	-2471.56650394453	-2407.61466100493	-2357.50665194509	-2317.90675768802	-2286.55006289658	-2261.65642091852	-2241.30300363595	-2224.57823079119	-2211.31124767971	-2200.60803223662	-2192.32207270041	-2186.08134919154	-2182.57167970235	-2181.40198526588	-2178.05440597386
-3511.60251292286	-3058.65175171304	-2821.20462140442	-2665.50142145697	-2554.57872207693	-2471.56650394453	-2407.61466100493	-2357.50665194509	-2317.90675768802	-2286.55006289658	-2261.65642091852	-2241.30210539495	-2224.57822649071	-2211.31124767971	-2200.60803223661	-2192.32207270041	-2186.08134662774	-2181.89922448946	-2181.40198240037	-2178.05346024774
-3511.60251292286	-3058.65175171304	-2821.20462100048	-2665.50142143377	-2554.57872207693	-2471.56650394453	-2407.61466100493	-2357.50665194509	-2317.90675768802	-2286.55006289658	-2261.65642091852	-2241.30077077986	-2224.57822190285	-2211.31124767971	-2200.60803223661	-2192.32207270041	-2186.08134507299	-2181.60654351461	-2181.40198110053	-2178.05251054126
-3511.60251292286	-3058.65175171304	-2821.2046206209	-2665.5014214174	-2554.57872207693	-2471.56650394453	-2407.61466100493	-2357.50665194509	-2317.90675768802	-2286.55006289658	-2261.65642091852	-2241.29909739458	-2224.57821701308	-2211.31124767971	-2200.60803223661	-2192.32207270041	-2186.08134413098	-2181.50352229564	-2181.40198020423	-2178.05142382921
-3511.60251292286	-3058.65175171304	-2821.20462026522	-2665.50142140597	-2554.57872207693	-2471.56650394453	-2407.61466100493	-2357.50665194509	-2317.90675768802	-2286.55006289658	-2261.65642091852	-2241.2973852148	-2224.57821180721	-2211.31124767971	-2200.60803223661	-2192.32207270041	-2186.08134356199	-2181.47104865295	-2181.40197938932	-2178.05010464893
-3511.60251292286	-3058.65175171304	-2821.20461993289	-2665.50142139803	-2554.57872207693	-2471.56650394453	-2407.61466100493	-2357.50665194509	-2317.90675768802	-2286.55006289658	-2261.65642091852	-2241.29594764971	-2224.57820627167	-2211.31124767972	-2200.60803223661	-2192.32207270041	-2186.08134321994	-2181.46137189942	-2181.40197856804	-2178.04845371132
-3511.60251292286	-3058.65175171304	-2821.20461962323	-2665.50142139257	-2554.57872207693	-2471.56650394453	-2407.61466100493	-2357.50665194509	-2317.90675768802	-2286.55006289658	-2261.65642091852	-2241.29491927853	-2224.57820039381	-2211.31124767969	-2200.60803223661	-2192.32207270041	-2186.08134301554	-2181.4585866348	-2181.40197771607	-2178.04634220354
-3511.60251292286	-3058.65175171304	-2821.20461933549	-2665.50142138886	-2554.57872207693	-2471.56650394453	-2407.61466100493	-2357.50665194509	-2317.90675768802	-2286.55006289658	-2261.65642091852	-2241.29426278057	-2224.57819416223	-2211.31124767947	-2200.60803223662	-2192.32207270041	-2186.08134289424	-2181.45780729365	-2181.40197682565	-2178.04358525725
-3511.60251292286	-3058.65175171304	-2821.20461906885	-2665.50142138635	-2554.57872207693	-2471.56650394453	-2407.61466100493	-2357.50665194509	-2317.90675768802	-2286.55006289658	-2261.65642091852	-2241.29387418271	-2224.57818756722	-2211.31124767687	-2200.60803223661	-2192.32207270041	-2186.08134282282	-2181.45759498441	-2181.40197589318	-2178.03990446372
-3511.60251292286	-3058.65175171304	-2821.20461882243	-2665.50142138467	-2554.57872207693	-2471.56650394453	-2407.61466100493	-2357.50665194509	-2317.90675768802	-2286.55006289658	-2261.65642091852	-2241.29365527593	-2224.57818060118	-2211.31124764489	-2200.60803223662	-2192.32207270041	-2186.08134278111	-2181.45753861659	-2181.40197491594	-2178.03486558264
-3511.60251292286	-3058.65175171304	-2821.2046185953	-2665.50142138355	-2554.57872207693	-2471.56650394453	-2407.61466100493	-2357.50665194509	-2317.90675768802	-2286.55006289658	-2261.65642091852	-2241.29353602354	-2224.57817325905	-2211.31124723183	-2200.60803223662	-2192.32207270041	-2186.08134275698	-2181.45752367975	-2181.4019738913	-2178.02776831838
-3511.60251292286	-3058.65175171304	-2821.2046183865	-2665.50142138281	-2554.57872207693	-2471.56650394453	-2407.61466100493	-2357.50665194509	-2317.90675768802	-2286.55006289658	-2261.65642091852	-2241.29347261065	-2224.57816553887	-2211.31124163512	-2200.60803223661	-2192.32207270041	-2186.08134274314	-2181.45751670669	-2181.40197281647	-2178.0174434839
-3511.60251292286	-3058.65175171304	-2821.20461819506	-2665.50142138233	-2554.57872207693	-2471.56650394453	-2407.61466100493	-2357.50665194509	-2317.90675768802	-2286.55006289658	-2261.65642091852	-2241.29343952221	-2224.5781574422	-2211.31116220162	-2200.60803223662	-2192.32207270041	-2186.08134273528	-2181.45748628363	-2181.4019716885	-2178.00186823985
-3511.60251292286	-3058.65175171304	-2821.20461801998	-2665.50142138202	-2554.57872207693	-2471.56650394453	-2407.61466100493	-2357.50665194509	-2317.90675768802	-2286.55006289658	-2261.65642091852	-2241.29342253103	-2224.57814897468	-2211.31001048851	-2200.60803223662	-2192.32207270041	-2186.08134273085	-2181.45721370577	-2181.40197050418	-2177.97742180178
-3511.60251292286	-3058.65175171304	-2821.20461786027	-2665.50142138182	-2554.57872207693	-2471.56650394453	-2407.61466100493	-2357.50665194509	-2317.90675768802	-2286.55006289658	-2261.65642091852	-2241.29341393095	-2224.57814014645	-2211.29754698869	-2200.60803223662	-2192.32207270041	-2186.08134272838	-2181.45472627816	-2181.40196926004	-2177.93744978367
-3511.60251292286	-3058.65175171304	-2821.20461771495	-2665.50142138169	-2554.57872207693	-2471.56650394453	-2407.61466100493	-2357.50665194509	-2317.90675768802	-2286.55006289658	-2261.65642091852	-2241.29340963679	-2224.57813097259	-2211.26895202812	-2200.60803223662	-2192.32207270041	-2186.08134272701	-2181.43876646031	-2181.40196795235	-2177.8696597694
-3511.60251292286	-3058.65175171304	-2821.20461758306	-2665.50142138161	-2554.57872207693	-2471.56650394453	-2407.61466100493	-2357.50665194509	-2317.90675768802	-2286.55006289658	-2261.65642091852	-2241.29340752065	-2224.57812147342	-2211.257987263	-2200.60803223661	-2192.32207270041	-2186.08134272626	-2181.41254913272	-2181.40196657707	-2177.75234569586
-3511.60251292286	-3058.65175171304	-2821.20461746364	-2665.50142138156	-2554.57872207693	-2471.56650394453	-2407.61466100493	-2357.50665194509	-2317.90675768802	-2286.55006289658	-2261.65642091852	-2241.2934064912	-2224.57811167473	-2211.25535919565	-2200.60803223661	-2192.32207270041	-2186.08134272584	-2181.4038384442	-2181.40196512979	-2177.5530190498
-3511.60251292286	-3058.65175171304	-2821.20461735579	-2665.50142138153	-2554.57872207693	-2471.56650394453	-2407.61466100493	-2357.50665194509	-2317.90675768802	-2286.55006289658	-2261.65642091852	-2241.29340599677	-2224.57810160789	-2211.25469597275	-2200.60803223661	-2192.32207270041	-2186.08134272561	-2181.40230010126	-2181.40196360576	-2177.24320959604
-3511.60251292286	-3058.65175171304	-2821.20461725861	-2665.50142138151	-2554.57872207693	-2471.56650394453	-2407.61466100493	-2357.50665194509	-2317.90675768802	-2286.55006289658	-2261.65642091852	-2241.2934057623	-2224.57809130974	-2211.25451505399	-2200.60803223662	-2192.32207270041	-2186.08134272548	-2181.40206093935	-2181.4019619998	-2176.84323186648
-3511.60251292286	-3058.65175171304	-2821.20461717127	-2665.5014213815	-2554.57872207693	-2471.56650394453	-2407.61466100493	-2357.50665194509	-2317.90675768802	-2286.55006289658	-2261.65642091852	-2241.29340565251	-2224.5780808223	-2211.25445123754	-2200.60803223662	-2192.32207270041	-2186.08134272539	-2181.4020254218	-2181.40196030628	-2176.44718049855
-3511.60251292286	-3058.65175171304	-2821.20461709295	-2665.5014213815	-2554.57872207693	-2471.56650394453	-2407.61466100493	-2357.50665194509	-2317.90675768802	-2286.55006289658	-2261.65642091852	-2241.29340560174	-2224.57807019238	-2211.25441060206	-2200.60803223662	-2192.32207270041	-2186.08134272534	-2181.40202031723	-2181.40195851906	-2176.14956868835
-3511.60251292286	-3058.65175171304	-2821.20461702289	-2665.50142138149	-2554.57872207693	-2471.56650394453	-2407.61466100493	-2357.50665194509	-2317.90675768802	-2286.55006289658	-2261.65642091852	-2241.29340557857	-2224.57805947088	-2211.25436741026	-2200.60803223662	-2192.32207270041	-2186.08134272529	-2181.40201960599	-2181.40195663143	-2175.97046412248
-3511.60251292286	-3058.65175171304	-2821.20461696037	-2665.50142138149	-2554.57872207693	-2471.56650394453	-2407.61466100493	-2357.50665194509	-2317.90675768802	-2286.55006289658	-2261.65642091852	-2241.29340556812	-2224.57804871193	-2211.25431294465	-2200.60803223661	-2192.32207270041	-2186.08134272525	-2181.40201950991	-2181.40195463606	-2175.87808807528
-3511.60251292286	-3058.65175171304	-2821.20461690469	-2665.50142138149	-2554.57872207693	-2471.56650394453	-2407.61466100493	-2357.50665194509	-2317.90675768802	-2286.55006289658	-2261.65642091852	-2241.29340556347	-2224.57803797191	-2211.25424247069	-2200.60803223661	-2192.32207270041	-2186.08134272521	-2181.40201949733	-2181.40195252494	-2175.83499606987
-3511.60251292286	-3058.65175171304	-2821.20461685523	-2665.50142138148	-2554.57872207693	-2471.56650394453	-2407.61466100493	-2357.50665194509	-2317.90675768802	-2286.55006289658	-2261.65642091852	-2241.29340556143	-2224.57802730833	-2211.25415226827	-2200.60803223661	-2192.32207270041	-2186.08134272517	-2181.40201949573	-2181.40195028925	-2175.81609947668
-3511.60251292286	-3058.65175171304	-2821.2046168114	-2665.50142138148	-2554.57872207693	-2471.56650394453	-2407.61466100493	-2357.50665194509	-2317.90675768802	-2286.55006289658	-2261.65642091852	-2241.29340556054	-2224.57801677852	-2211.25403948104	-2200.60803223661	-2192.32207270041	-2186.08134272512	-2181.40201949553	-2181.40194791933	-2175.80810671193
-3511.60251292286	-3058.65175171304	-2821.20461677263	-2665.50142138148	-2554.57872207693	-2471.56650394453	-2407.61466100493	-2357.50665194509	-2317.90675768802	-2286.55006289658	-2261.65642091852	-2241.29340556016	-2224.57800643846	-2211.25390292913	-2200.60803223662	-2192.32207270041	-2186.08134272507	-2181.40201949551	-2181.40194540453	-2175.80479478149
-3511.60251292286	-3058.65175171304	-2821.20461673844	-2665.50142138148	-2554.57872207693	-2471.56650394453	-2407.61466100493	-2357.50665194509	-2317.90675768802	-2286.55006289658	-2261.65642091852	-2241.29340556	-2224.5779963415	-2211.25374423665	-2200.60803223662	-2192.32207270041	-2186.08134272501	-2181.4020194955	-2181.4019427331	-2175.80343788351
-3511.60251292286	-3058.65175171304	-2821.20461670832	-2665.50142138148	-2554.57872207693	-2471.56650394453	-2407.61466100493	-2357.50665194509	-2317.90675768802	-2286.55006289658	-2261.65642091852	-2241.29340555993	-2224.57798653723	-2211.25356868309	-2200.60803223662	-2192.32207270041	-2186.08134272494	-2181.4020194955	-2181.40193989207	-2175.80288465433
-3511.60251292286	-3058.65175171304	-2821.20461668188	-2665.50142138148	-2554.57872207693	-2471.56650394453	-2407.61466100493	-2357.50665194509	-2317.90675768802	-2286.55006289658	-2261.65642091852	-2241.2934055599	-2224.57797707044	-2211.25338509761	-2200.60803223662	-2192.32207270041	-2186.08134272486	-2181.4020194955	-2181.40193686706	-2175.80265896968
-3511.60251292286	-3058.65175171304	-2821.20461665871	-2665.50142138149	-2554.57872207693	-2471.56650394453	-2407.61466100493	-2357.50665194509	-2317.90675768802	-2286.55006289658	-2261.65642091852	-2241.29340555989	-2224.57796798035	-2211.25320440097	-2200.60803223661	-2192.32207270041	-2186.08134272477	-2181.4020194955	-2181.4019336421	-2175.80256624087
-3511.60251292286	-3058.65175171304	-2821.20461663844	-2665.50142138149	-2554.57872207693	-2471.56650394453	-2407.61466100493	-2357.50665194509	-2317.90675768802	-2286.55006289658	-2261.65642091852	-2241.29340555989	-2224.57795929989	-2211.25303715877	-2200.60803223662	-2192.32207270041	-2186.08134272466	-2181.4020194955	-2181.40193019947	-2175.80252765259
-3511.60251292286	-3058.65175171304	-2821.20461662075	-2665.50142138148	-2554.57872207693	-2471.56650394453	-2407.61466100493	-2357.50665194509	-2317.90675768802	-2286.55006289658	-2261.65642091852	-2241.29340555989	-2224.57795105542	-2211.25289121883	-2200.60803223661	-2192.32207270041	-2186.08134272454	-2181.40201949551	-2181.40192651936	-2175.80251130853
-3511.60251292286	-3058.65175171304	-2821.20461660536	-2665.50142138149	-2554.57872207693	-2471.56650394453	-2407.61466100493	-2357.50665194509	-2317.90675768802	-2286.55006289658	-2261.65642091852	-2241.29340555988	-2224.57794326647	-2211.25277048017	-2200.60803223661	-2192.32207270041	-2186.0813427244	-2181.40201949551	-2181.40192257966	-2175.80250417433
-3511.60251292286	-3058.65175171304	-2821.20461659198	-2665.50142138149	-2554.57872207693	-2471.56650394453	-2407.61466100493	-2357.50665194509	-2317.90675768802	-2286.55006289658	-2261.65642091852	-2241.29340555988	-2224.57793594585	-2211.25267508306	-2200.60803223662	-2192.32207270041	-2186.08134272423	-2181.40201949551	-2181.40191835558	-2175.80250100232
-3511.60251292286	-3058.65175171304	-2821.20461658039	-2665.50142138149	-2554.57872207693	-2471.56650394453	-2407.61466100493	-2357.50665194509	-2317.90675768802	-2286.55006289658	-2261.65642091852	-2241.29340555989	-2224.57792909992	-2211.25260253241	-2200.60803223662	-2192.32207270041	-2186.08134272403	-2181.40201949551	-2181.40191381927	-2175.80249955451
-3511.60251292286	-3058.65175171304	-2821.20461657036	-2665.50142138149	-2554.57872207693	-2471.56650394453	-2407.61466100493	-2357.50665194509	-2317.90675768802	-2286.55006289658	-2261.65642091852	-2241.29340555989	-2224.577922729	-2211.25254902982	-2200.60803223662	-2192.32207270041	-2186.08134272379	-2181.40201949551	-2181.40190893933	-2175.80249887678
-3511.60251292286	-3058.65175171304	-2821.20461656171	-2665.50142138149	-2554.57872207693	-2471.56650394453	-2407.61466100493	-2357.50665194509	-2317.90675768802	-2286.55006289658	-2261.65642091852	-2241.29340555989	-2224.57791682793	-2211.25251052534	-2200.60803223662	-2192.32207270041	-2186.08134272351	-2181.40201949551	-2181.40190368029	-2175.80249855325
-3511.60251292286	-3058.65175171304	-2821.20461655426	-2665.50142138149	-2554.57872207693	-2471.56650394453	-2407.61466100493	-2357.50665194509	-2317.90675768802	-2286.55006289658	-2261.65642091852	-2241.29340555989	-2224.57791138671	-2211.25248334201	-2200.60803223662	-2192.32207270041	-2186.08134272318	-2181.4020194955	-2181.40189800193	-2175.80249839601
-3511.60251292286	-3058.65175171304	-2821.20461654784	-2665.50142138149	-2554.57872207693	-2471.56650394453	-2407.61466100493	-2357.50665194509	-2317.90675768802	-2286.55006289658	-2261.65642091852	-2241.29340555989	-2224.57790639126	-2211.25246444067	-2200.60803223662	-2192.32207270041	-2186.08134272279	-2181.4020194955	-2181.40189185849	-2175.80249831758
-3511.60251292286	-3058.65175171304	-2821.20461654236	-2665.50142138149	-2554.57872207693	-2471.56650394453	-2407.61466100493	-2357.50665194509	-2317.90675768802	-2286.55006289658	-2261.65642091852	-2241.29340555989	-2224.5779018241	-2211.25245145735	-2200.60803223662	-2192.32207270041	-2186.08134272232	-2181.4020194955	-2181.40188519777	-2175.80249827566
-3511.60251292286	-3058.65175171304	-2821.20461653766	-2665.50142138149	-2554.57872207693	-2471.56650394453	-2407.61466100493	-2357.50665194509	-2317.90675768802	-2286.55006289658	-2261.65642091852	-2241.29340555989	-2224.57789766509	-2211.25244262792	-2200.60803223662	-2192.32207270041	-2186.08134272176	-2181.4020194955	-2181.40187795991	-2175.80249824828
-3511.60251292286	-3058.65175171304	-2821.20461653364	-2665.50142138149	-2554.57872207693	-2471.56650394453	-2407.61466100493	-2357.50665194509	-2317.90675768802	-2286.55006289658	-2261.65642091852	-2241.29340555989	-2224.57789389213	-2211.25243667388	-2200.60803223662	-2192.32207270041	-2186.08134272109	-2181.4020194955	-2181.40187007613	-2175.80249822158
-3511.60251292286	-3058.65175171304	-2821.20461653022	-2665.50142138149	-2554.57872207693	-2471.56650394453	-2407.61466100493	-2357.50665194509	-2317.90675768802	-2286.55006289658	-2261.65642091852	-2241.29340555989	-2224.5778904818	-2211.25243268818	-2200.60803223661	-2192.32207270041	-2186.08134272028	-2181.4020194955	-2181.40186146698	-2175.80249818257
-3511.60251292286	-3058.65175171304	-2821.20461652732	-2665.50142138149	-2554.57872207693	-2471.56650394453	-2407.61466100493	-2357.50665194509	-2317.90675768802	-2286.55006289658	-2261.65642091852	-2241.29340555989	-2224.57788740988	-2211.2524300376	-2200.60803223662	-2192.32207270041	-2186.08134271931	-2181.4020194955	-2181.40185204033	-2175.80249811255
-3511.60251292286	-3058.65175171304	-2821.20461652485	-2665.50142138149	-2554.57872207693	-2471.56650394453	-2407.61466100493	-2357.50665194509	-2317.90675768802	-2286.55006289658	-2261.65642091852	-2241.29340555989	-2224.57788465193	-2211.25242828552	-2200.60803223662	-2192.32207270041	-2186.08134271815	-2181.4020194955	-2181.40184168885	-2175.80249797756
-3511.60251292286	-3058.65175171304	-2821.20461652276	-2665.50142138149	-2554.57872207693	-2471.56650394453	-2407.61466100493	-2357.50665194509	-2317.90675768802	-2286.55006289658	-2261.65642091852	-2241.29340555989	-2224.57788218364	-2211.25242713393	-2200.60803223662	-2192.32207270041	-2186.08134271674	-2181.4020194955	-2181.4018302869	-2175.80249771085
-3511.60251292286	-3058.65175171304	-2821.20461652099	-2665.50142138149	-2554.57872207693	-2471.56650394453	-2407.61466100493	-2357.50665194509	-2317.90675768802	-2286.55006289658	-2261.65642091852	-2241.29340555989	-2224.57787998123	-2211.25242638113	-2200.60803223662	-2192.32207270041	-2186.08134271503	-2181.4020194955	-2181.40181768663	-2175.80249717768
-3511.60251292286	-3058.65175171304	-2821.20461651951	-2665.50142138149	-2554.57872207693	-2471.56650394453	-2407.61466100493	-2357.50665194509	-2317.90675768802	-2286.55006289658	-2261.65642091852	-2241.29340555989	-2224.57787802168	-2211.25242589161	-2200.60803223662	-2192.32207270041	-2186.08134271296	-2181.4020194955	-2181.40180371311	-2175.80249610263
-3511.60251292286	-3058.65175171304	-2821.20461651826	-2665.50142138149	-2554.57872207693	-2471.56650394453	-2407.61466100493	-2357.50665194509	-2317.90675768802	-2286.55006289658	-2261.65642091852	-2241.29340555989	-2224.57787628302	-2211.25242557493	-2200.60803223662	-2192.32207270041	-2186.08134271045	-2181.4020194955	-2181.40178815814	-2175.80249391811
-3511.60251292286	-3058.65175171304	-2821.20461651721	-2665.50142138149	-2554.57872207693	-2471.56650394453	-2407.61466100493	-2357.50665194509	-2317.90675768802	-2286.55006289658	-2261.65642091852	-2241.29340555989	-2224.57787474438	-2211.2524253711	-2200.60803223661	-2192.32207270041	-2186.08134270739	-2181.4020194955	-2181.40177077239	-2175.80248944554
-3511.60251292286	-3058.65175171304	-2821.20461651633	-2665.50142138149	-2554.57872207693	-2471.56650394453	-2407.61466100493	-2357.50665194509	-2317.90675768802	-2286.55006289658	-2261.65642091852	-2241.29340555989	-2224.5778733862	-2211.25242524056	-2200.60803223662	-2192.32207270041	-2186.08134270366	-2181.4020194955	-2181.4017512552	-2175.80248022018
-3511.60251292286	-3058.65175171304	-2821.20461651559	-2665.50142138149	-2554.57872207693	-2471.56650394453	-2407.61466100493	-2357.50665194509	-2317.90675768802	-2286.55006289658	-2261.65642091852	-2241.29340555989	-2224.5778721902	-2211.25242515738	-2200.60803223662	-2192.32207270041	-2186.0813426991	-2181.4020194955	-2181.40172924137	-2175.80246105312
-3511.60251292286	-3058.65175171304	-2821.20461651498	-2665.50142138149	-2554.57872207693	-2471.56650394453	-2407.61466100493	-2357.50665194509	-2317.90675768802	-2286.55006289658	-2261.65642091852	-2241.29340555989	-2224.5778711395	-2211.25242510464	-2200.60803223662	-2192.32207270041	-2186.08134269353	-2181.4020194955	-2181.4017042839	-2175.80242095568
-3511.60251292286	-3058.65175171304	-2821.20461651447	-2665.50142138149	-2554.57872207693	-2471.56650394453	-2407.61466100493	-2357.50665194509	-2317.90675768802	-2286.55006289658	-2261.65642091852	-2241.29340555989	-2224.57787021849	-2211.25242507136	-2200.60803223661	-2192.32207270041	-2186.08134268668	-2181.4020194955	-2181.40167583088	-2175.80233655816
-3511.60251292286	-3058.65175171304	-2821.20461651404	-2665.50142138149	-2554.57872207693	-2471.56650394453	-2407.61466100493	-2357.50665194509	-2317.90675768802	-2286.55006289658	-2261.65642091852	-2241.29340555989	-2224.57786941295	-2211.25242505047	-2200.60803223662	-2192.32207270041	-2186.08134267828	-2181.4020194955	-2181.40164319465	-2175.80215812795
-3511.60251292286	-3058.65175171304	-2821.20461651369	-2665.50142138149	-2554.57872207693	-2471.56650394453	-2407.61466100493	-2357.50665194509	-2317.90675768802	-2286.55006289658	-2261.65642091852	-2241.29340555989	-2224.57786870987	-2211.25242503742	-2200.60803223662	-2192.32207270041	-2186.08134266793	-2181.4020194955	-2181.40160550976	-2175.80178058495
-3511.60251292286	-3058.65175171304	-2821.2046165134	-2665.50142138149	-2554.57872207693	-2471.56650394453	-2407.61466100493	-2357.50665194509	-2317.90675768802	-2286.55006289658	-2261.65642091852	-2241.29340555989	-2224.57786809748	-2211.25242502931	-2200.60803223662	-2192.32207270041	-2186.08134265517	-2181.4020194955	-2181.40156167493	-2175.80098725831
-3511.60251292286	-3058.65175171304	-2821.20461651316	-2665.50142138149	-2554.57872207693	-2471.56650394453	-2407.61466100493	-2357.50665194509	-2317.90675768802	-2286.55006289658	-2261.65642091852	-2241.29340555989	-2224.57786756515	-2211.25242502429	-2200.60803223661	-2192.32207270041	-2186.08134263939	-2181.4020194955	-2181.4015102719	-2175.79935890768
-3511.60251292286	-3058.65175171304	-2821.20461651296	-2665.50142138149	-2554.57872207693	-2471.56650394453	-2407.61466100493	-2357.50665194509	-2317.90675768802	-2286.55006289658	-2261.65642091852	-2241.29340555989	-2224.5778671033	-2211.2524250212	-2200.60803223661	-2192.32207270041	-2186.08134261985	-2181.4020194955	-2181.40144944968	-2175.79620344849
-3511.60251292286	-3058.65175171304	-2821.2046165128	-2665.50142138149	-2554.57872207693	-2471.56650394453	-2407.61466100493	-2357.50665194509	-2317.90675768802	-2286.55006289658	-2261.65642091852	-2241.29340555989	-2224.57786670338	-2211.25242501931	-2200.60803223661	-2192.32207270041	-2186.0813425956	-2181.4020194955	-2181.40137675681	-2175.79079410123
-3511.60251292286	-3058.65175171304	-2821.20461651266	-2665.50142138149	-2554.57872207693	-2471.56650394453	-2407.61466100493	-2357.50665194509	-2317.90675768802	-2286.55006289658	-2261.65642091852	-2241.29340555989	-2224.5778663577	-2211.25242501816	-2200.60803223661	-2192.32207270041	-2186.08134256546	-2181.4020194955	-2181.40128889282	-2175.7834230144
-3511.60251292286	-3058.65175171304	-2821.20461651255	-2665.50142138149	-2554.57872207693	-2471.56650394453	-2407.61466100493	-2357.50665194509	-2317.90675768802	-2286.55006289658	-2261.65642091852	-2241.29340555989	-2224.57786605948	-2211.25242501746	-2200.60803223661	-2192.32207270041	-2186.08134252791	-2181.4020194955	-2181.40118133193	-2175.77650493155
-3511.60251292286	-3058.65175171304	-2821.20461651246	-2665.50142138149	-2554.57872207693	-2471.56650394453	-2407.61466100493	-2357.50665194509	-2317.90675768802	-2286.55006289658	-2261.65642091852	-2241.29340555989	-2224.57786580264	-2211.25242501703	-2200.60803223661	-2192.32207270041	-2186.08134248103	-2181.4020194955	-2181.40104773816	-2175.7726969397
-3511.60251292286	-3058.65175171304	-2821.20461651239	-2665.50142138149	-2554.57872207693	-2471.56650394453	-2407.61466100493	-2357.50665194509	-2317.90675768802	-2286.55006289658	-2261.65642091852	-2241.29340555989	-2224.57786558185	-2211.25242501678	-2200.60803223662	-2192.32207270041	-2186.0813424224	-2181.4020194955	-2181.40087903001	-2175.77158166213
-3511.60251292286	-3058.65175171304	-2821.20461651233	-2665.50142138149	-2554.57872207693	-2471.56650394453	-2407.61466100493	-2357.50665194509	-2317.90675768802	-2286.55006289658	-2261.65642091852	-2241.29340555989	-2224.57786539236	-2211.25242501663	-2200.60803223661	-2192.32207270041	-2186.08134234888	-2181.4020194955	-2181.40066183496	-2175.7713831942
-3511.60251292286	-3058.65175171304	-2821.20461651229	-2665.50142138149	-2554.57872207693	-2471.56650394453	-2407.61466100493	-2357.50665194509	-2317.90675768802	-2286.55006289658	-2261.65642091852	-2241.29340555989	-2224.57786523003	-2211.25242501654	-2200.60803223661	-2192.32207270041	-2186.08134225652	-2181.4020194955	-2181.40037583768	-2175.77135509892
-3511.60251292286	-3058.65175171304	-2821.20461651225	-2665.50142138149	-2554.57872207693	-2471.56650394453	-2407.61466100493	-2357.50665194509	-2317.90675768802	-2286.55006289658	-2261.65642091852	-2241.29340555989	-2224.57786509119	-2211.25242501649	-2200.60803223661	-2192.32207270041	-2186.08134214017	-2181.4020194955	-2181.39998902869	-2175.7713513234
-3511.60251292286	-3058.65175171304	-2821.20461651221	-2665.50142138149	-2554.57872207693	-2471.56650394453	-2407.61466100493	-2357.50665194509	-2317.90675768802	-2286.55006289658	-2261.65642091852	-2241.29340555989	-2224.57786497265	-2211.25242501646	-2200.60803223661	-2192.32207270041	-2186.08134199325	-2181.4020194955	-2181.39944874644	-2175.7713507879
-3511.60251292286	-3058.65175171304	-2821.20461651219	-2665.50142138149	-2554.57872207693	-2471.56650394453	-2407.61466100493	-2357.50665194509	-2317.90675768802	-2286.55006289658	-2261.65642091852	-2241.29340555989	-2224.5778648716	-2211.25242501644	-2200.60803223661	-2192.32207270041	-2186.08134180716	-2181.4020194955	-2181.39866373933	-2175.77135069575
-3511.60251292286	-3058.65175171304	-2821.20461651217	-2665.50142138149	-2554.57872207693	-2471.56650394453	-2407.61466100493	-2357.50665194509	-2317.90675768802	-2286.55006289658	-2261.65642091852	-2241.29340555989	-2224.57786478562	-2211.25242501643	-2200.60803223661	-2192.32207270041	-2186.0813415707	-2181.4020194955	-2181.39746554333	-2175.77135067312
-3511.60251292286	-3058.65175171304	-2821.20461651215	-2665.50142138149	-2554.57872207693	-2471.56650394453	-2407.61466100493	-2357.50665194509	-2317.90675768802	-2286.55006289658	-2261.65642091852	-2241.29340555989	-2224.57786471256	-2211.25242501642	-2200.60803223661	-2192.32207270041	-2186.08134126906	-2181.4020194955	-2181.3955176062	-2175.77135066509
-3511.60251292286	-3058.65175171304	-2821.20461651214	-2665.50142138149	-2554.57872207693	-2471.56650394453	-2407.61466100493	-2357.50665194509	-2317.90675768802	-2286.55006289658	-2261.65642091852	-2241.29340555989	-2224.5778646506	-2211.25242501642	-2200.60803223661	-2192.32207270041	-2186.0813408825	-2181.4020194955	-2181.39207643705	-2175.77135066138
-3511.60251292286	-3058.65175171304	-2821.20461651213	-2665.50142138149	-2554.57872207693	-2471.56650394453	-2407.61466100493	-2357.50665194509	-2317.90675768802	-2286.55006289658	-2261.65642091852	-2241.29340555989	-2224.57786459813	-2211.25242501642	-2200.60803223661	-2192.32207270041	-2186.0813403843	-2181.4020194955	-2181.38526888999	-2175.77135065925
-3511.60251292286	-3058.65175171304	-2821.20461651212	-2665.50142138149	-2554.57872207693	-2471.56650394453	-2407.61466100493	-2357.50665194509	-2317.90675768802	-2286.55006289658	-2261.65642091852	-2241.29340555989	-2224.57786455376	-2211.25242501642	-2200.60803223661	-2192.32207270041	-2186.08133973763	-2181.4020194955	-2181.36946931455	-2175.77135065774
-3511.60251292286	-3058.65175171304	-2821.20461651211	-2665.50142138149	-2554.57872207693	-2471.56650394453	-2407.61466100493	-2357.50665194509	-2317.90675768802	-2286.55006289658	-2261.65642091852	-2241.29340555989	-2224.57786451632	-2211.25242501641	-2200.60803223661	-2192.32207270041	-2186.08133889056	-2181.4020194955	-2181.32332008625	-2175.77135065647
-3511.60251292286	-3058.65175171304	-2821.20461651211	-2665.50142138149	-2554.57872207693	-2471.56650394453	-2407.61466100493	-2357.50665194509	-2317.90675768802	-2286.55006289658	-2261.65642091852	-2241.29340555989	-2224.57786448476	-2211.25242501641	-2200.60803223661	-2192.32207270041	-2186.08133776796	-2181.4020194955	-2181.14100522133	-2175.77135065531
-3511.60251292286	-3058.65175171304	-2821.2046165121	-2665.50142138149	-2554.57872207693	-2471.56650394453	-2407.61466100493	-2357.50665194509	-2317.90675768802	-2286.55006289658	-2261.65642091852	-2241.29340555989	-2224.5778644582	-2211.25242501641	-2200.60803223661	-2192.32207270041	-2186.08133625766	-2181.4020194955	-2180.32225748968	-2175.77135065417
-3511.60251292286	-3058.65175171304	-2821.2046165121	-2665.50142138149	-2554.57872207693	-2471.56650394453	-2407.61466100493	-2357.50665194509	-2317.90675768802	-2286.55006289658	-2261.65642091852	-2241.29340555989	-2224.57786443589	-2211.25242501641	-2200.60803223661	-2192.32207270041	-2186.08133418657	-2181.4020194955	-2178.74304282746	-2175.77135065304
-3511.60251292286	-3058.65175171304	-2821.2046165121	-2665.50142138149	-2554.57872207693	-2471.56650394453	-2407.61466100493	-2357.50665194509	-2317.90675768802	-2286.55006289658	-2261.65642091852	-2241.29340555989	-2224.57786441719	-2211.25242501641	-2200.60803223661	-2192.32207270041	-2186.08133127809	-2181.4020194955	-2178.1403004601	-2175.77135065192
-3511.60251292286	-3058.65175171304	-2821.20461651209	-2665.50142138149	-2554.57872207693	-2471.56650394453	-2407.61466100493	-2357.50665194509	-2317.90675768802	-2286.55006289658	-2261.65642091852	-2241.29340555989	-2224.57786440152	-2211.25242501641	-2200.6080322366	-2192.32207270041	-2186.08132707469	-2181.4020194955	-2178.06661753211	-2175.77135065078
-3511.60251292286	-3058.65175171304	-2821.20461651209	-2665.50142138149	-2554.57872207693	-2471.56650394453	-2407.61466100493	-2357.50665194509	-2317.90675768802	-2286.55006289658	-2261.65642091852	-2241.29340555989	-2224.57786438842	-2211.25242501641	-2200.6080322366	-2192.32207270041	-2186.0813207948	-2181.4020194955	-2178.06028522052	-2175.77135064964
-3511.60251292286	-3058.65175171304	-2821.20461651209	-2665.50142138149	-2554.57872207693	-2471.56650394453	-2407.61466100493	-2357.50665194509	-2317.90675768802	-2286.55006289658	-2261.65642091852	-2241.29340555989	-2224.57786437748	-2211.25242501641	-2200.6080322366	-2192.32207270041	-2186.08131106368	-2181.4020194955	-2178.05977322434	-2175.77135064849
-3511.60251292286	-3058.65175171304	-2821.20461651209	-2665.50142138149	-2554.57872207693	-2471.56650394453	-2407.61466100493	-2357.50665194509	-2317.90675768802	-2286.55006289658	-2261.65642091852	-2241.29340555989	-2224.57786436837	-2211.25242501641	-2200.6080322366	-2192.32207270041	-2186.0812953999	-2181.4020194955	-2178.05973271704	-2175.77135064733
-3511.60251292286	-3058.65175171304	-2821.20461651209	-2665.50142138149	-2554.57872207693	-2471.56650394453	-2407.61466100493	-2357.50665194509	-2317.90675768802	-2286.55006289658	-2261.65642091852	-2241.29340555989	-2224.57786436079	-2211.25242501641	-2200.6080322366	-2192.32207270041	-2186.08126922106	-2181.4020194955	-2178.05972957502	-2175.77135064615
-3511.60251292286	-3058.65175171304	-2821.20461651209	-2665.50142138149	-2554.57872207693	-2471.56650394453	-2407.61466100493	-2357.50665194509	-2317.90675768802	-2286.55006289658	-2261.65642091852	-2241.29340555989	-2224.57786435449	-2211.25242501641	-2200.6080322366	-2192.32207270041	-2186.08122388619	-2181.4020194955	-2178.05972933596	-2175.77135064498
-3511.60251292286	-3058.65175171304	-2821.20461651209	-2665.50142138149	-2554.57872207693	-2471.56650394453	-2407.61466100493	-2357.50665194509	-2317.90675768802	-2286.55006289658	-2261.65642091852	-2241.29340555989	-2224.57786434926	-2211.25242501641	-2200.60803223659	-2192.32207270041	-2186.0811427627	-2181.4020194955	-2178.05972931813	-2175.77135064379
-3511.60251292286	-3058.65175171304	-2821.20461651209	-2665.50142138149	-2554.57872207693	-2471.56650394453	-2407.61466100493	-2357.50665194509	-2317.90675768802	-2286.55006289658	-2261.65642091852	-2241.29340555989	-2224.57786434493	-2211.25242501641	-2200.60803223659	-2192.32207270041	-2186.08099310619	-2181.4020194955	-2178.05972931683	-2175.77135064259
-3511.60251292286	-3058.65175171304	-2821.20461651209	-2665.50142138149	-2554.57872207693	-2471.56650394453	-2407.61466100493	-2357.50665194509	-2317.90675768802	-2286.55006289658	-2261.65642091852	-2241.29340555989	-2224.57786434135	-2211.25242501641	-2200.60803223658	-2192.32207270041	-2186.08070866187	-2181.4020194955	-2178.05972931674	-2175.77135064138
-3511.60251292286	-3058.65175171304	-2821.20461651209	-2665.50142138149	-2554.57872207693	-2471.56650394453	-2407.61466100493	-2357.50665194509	-2317.90675768802	-2286.55006289658	-2261.65642091852	-2241.29340555989	-2224.5778643384	-2211.25242501641	-2200.60803223658	-2192.32207270041	-2186.08015062487	-2181.4020194955	-2178.05972931673	-2175.77135064017
-3511.60251292286	-3058.65175171304	-2821.20461651209	-2665.50142138149	-2554.57872207693	-2471.56650394453	-2407.61466100493	-2357.50665194509	-2317.90675768802	-2286.55006289658	-2261.65642091852	-2241.29340555989	-2224.57786433596	-2211.25242501641	-2200.60803223657	-2192.32207270041	-2186.07901685936	-2181.4020194955	-2178.05972931673	-2175.77135063894
-3511.60251292286	-3058.65175171304	-2821.20461651209	-2665.50142138149	-2554.57872207693	-2471.56650394453	-2407.61466100493	-2357.50665194509	-2317.90675768802	-2286.55006289658	-2261.65642091852	-2241.29340555989	-2224.57786433396	-2211.25242501641	-2200.60803223656	-2192.32207270041	-2186.0766455774	-2181.4020194955	-2178.05972931673	-2175.7713506377
-3511.60251292286	-3058.65175171304	-2821.20461651209	-2665.50142138149	-2554.57872207693	-2471.56650394453	-2407.61466100493	-2357.50665194509	-2317.90675768802	-2286.55006289658	-2261.65642091852	-2241.29340555989	-2224.57786433231	-2211.25242501641	-2200.60803223655	-2192.32207270041	-2186.07183285851	-2181.4020194955	-2178.05972931673	-2175.77135063646
-3511.60251292286	-3058.65175171304	-2821.20461651209	-2665.50142138149	-2554.57872207693	-2471.56650394453	-2407.61466100493	-2357.50665194509	-2317.90675768802	-2286.55006289658	-2261.65642091852	-2241.29340555989	-2224.57786433095	-2211.25242501641	-2200.60803223654	-2192.32207270041	-2186.06420099573	-2181.4020194955	-2178.05972931673	-2175.77135063521
-3511.60251292286	-3058.65175171304	-2821.20461651209	-2665.50142138149	-2554.57872207693	-2471.56650394453	-2407.61466100493	-2357.50665194509	-2317.90675768802	-2286.55006289658	-2261.65642091852	-2241.29340555989	-2224.57786432985	-2211.25242501641	-2200.60803223652	-2192.32207270041	-2186.05752148696	-2181.4020194955	-2178.05972931673	-2175.77135063395
-3511.60251292286	-3058.65175171304	-2821.20461651209	-2665.50142138149	-2554.57872207693	-2471.56650394453	-2407.61466100493	-2357.50665194509	-2317.90675768802	-2286.55006289658	-2261.65642091852	-2241.29340555989	-2224.57786432894	-2211.25242501641	-2200.6080322365	-2192.32207270041	-2186.05457988094	-2181.4020194955	-2178.05972931673	-2175.77135063267
-3511.60251292286	-3058.65175171304	-2821.20461651209	-2665.50142138149	-2554.57872207693	-2471.56650394453	-2407.61466100493	-2357.50665194509	-2317.90675768802	-2286.55006289658	-2261.65642091852	-2241.29340555989	-2224.5778643282	-2211.25242501641	-2200.60803223648	-2192.32207270041	-2186.05369025857	-2181.4020194955	-2178.05972931673	-2175.77135063139
-3511.60251292286	-3058.65175171304	-2821.20461651209	-2665.50142138149	-2554.57872207693	-2471.56650394453	-2407.61466100493	-2357.50665194509	-2317.90675768802	-2286.55006289658	-2261.65642091852	-2241.29340555989	-2224.5778643276	-2211.25242501641	-2200.60803223645	-2192.32207270041	-2186.0534247967	-2181.4020194955	-2178.05972931673	-2175.7713506301
-3511.60251292286	-3058.65175171304	-2821.20461651209	-2665.50142138149	-2554.57872207693	-2471.56650394453	-2407.61466100493	-2357.50665194509	-2317.90675768802	-2286.55006289658	-2261.65642091852	-2241.29340555989	-2224.57786432711	-2211.25242501641	-2200.60803223642	-2192.32207270041	-2186.05332640726	-2181.4020194955	-2178.05972931673	-2175.7713506288
-3511.60251292286	-3058.65175171304	-2821.20461651209	-2665.50142138149	-2554.57872207693	-2471.56650394453	-2407.61466100493	-2357.50665194509	-2317.90675768802	-2286.55006289658	-2261.65642091852	-2241.29340555989	-2224.57786432671	-2211.25242501641	-2200.60803223638	-2192.32207270041	-2186.05327830341	-2181.4020194955	-2178.05972931673	-2175.77135062749
-3511.60251292286	-3058.65175171304	-2821.20461651209	-2665.50142138149	-2554.57872207693	-2471.56650394453	-2407.61466100493	-2357.50665194509	-2317.90675768802	-2286.55006289658	-2261.65642091852	-2241.29340555989	-2224.57786432638	-2211.25242501641	-2200.60803223633	-2192.32207270041	-2186.05325003535	-2181.4020194955	-2178.05972931673	-2175.77135062618
-3511.60251292286	-3058.65175171304	-2821.20461651209	-2665.50142138149	-2554.57872207693	-2471.56650394453	-2407.61466100493	-2357.50665194509	-2317.90675768802	-2286.55006289658	-2261.65642091852	-2241.29340555989	-2224.57786432612	-2211.25242501641	-2200.60803223627	-2192.32207270041	-2186.05323205986	-2181.4020194955	-2178.05972931673	-2175.77135062485
-3511.60251292286	-3058.65175171304	-2821.20461651209	-2665.50142138149	-2554.57872207693	-2471.56650394453	-2407.61466100493	-2357.50665194509	-2317.90675768802	-2286.55006289658	-2261.65642091852	-2241.29340555989	-2224.57786432591	-2211.25242501641	-2200.6080322362	-2192.32207270041	-2186.05322033997	-2181.4020194955	-2178.05972931673	-2175.77135062351
-3511.60251292286	-3058.65175171304	-2821.20461651209	-2665.50142138149	-2554.57872207693	-2471.56650394453	-2407.61466100493	-2357.50665194509	-2317.90675768802	-2286.55006289658	-2261.65642091852	-2241.29340555989	-2224.57786432574	-2211.25242501641	-2200.6080322361	-2192.32207270041	-2186.05321266131	-2181.4020194955	-2178.05972931673	-2175.77135062217
-3511.60251292286	-3058.65175171304	-2821.20461651209	-2665.50142138149	-2554.57872207693	-2471.56650394453	-2407.61466100493	-2357.50665194509	-2317.90675768802	-2286.55006289658	-2261.65642091852	-2241.29340555989	-2224.5778643256	-2211.25242501641	-2200.60803223599	-2192.32207270041	-2186.0532076382	-2181.4020194955	-2178.05972931673	-2175.77135062082
-3511.60251292286	-3058.65175171304	-2821.20461651209	-2665.50142138149	-2554.57872207693	-2471.56650394453	-2407.61466100493	-2357.50665194509	-2317.90675768802	-2286.55006289658	-2261.65642091852	-2241.29340555989	-2224.57786432549	-2211.25242501641	-2200.60803223585	-2192.32207270041	-2186.05320436313	-2181.4020194955	-2178.05972931673	-2175.77135061945
-3511.60251292286	-3058.65175171304	-2821.20461651209	-2665.50142138149	-2554.57872207693	-2471.56650394453	-2407.61466100493	-2357.50665194509	-2317.90675768802	-2286.55006289658	-2261.65642091852	-2241.29340555989	-2224.5778643254	-2211.25242501641	-2200.60803223568	-2192.32207270041	-2186.05320223552	-2181.4020194955	-2178.05972931673	-2175.77135061808
-3511.60251292286	-3058.65175171304	-2821.20461651209	-2665.50142138149	-2554.57872207693	-2471.56650394453	-2407.61466100493	-2357.50665194509	-2317.90675768802	-2286.55006289658	-2261.65642091852	-2241.29340555989	-2224.57786432532	-2211.25242501641	-2200.60803223547	-2192.32207270041	-2186.05320085824	-2181.4020194955	-2178.05972931673	-2175.7713506167
-3511.60251292286	-3058.65175171304	-2821.20461651209	-2665.50142138149	-2554.57872207693	-2471.56650394453	-2407.61466100493	-2357.50665194509	-2317.90675768802	-2286.55006289658	-2261.65642091852	-2241.29340555989	-2224.57786432527	-2211.25242501641	-2200.60803223521	-2192.32207270041	-2186.05319996971	-2181.4020194955	-2178.05972931673	-2175.7713506153
-3511.60251292286	-3058.65175171304	-2821.20461651209	-2665.50142138149	-2554.57872207693	-2471.56650394453	-2407.61466100493	-2357.50665194509	-2317.90675768802	-2286.55006289658	-2261.65642091852	-2241.29340555989	-2224.57786432522	-2211.25242501641	-2200.60803223489	-2192.32207270041	-2186.05319939836	-2181.4020194955	-2178.05972931673	-2175.77135061391
-3511.60251292286	-3058.65175171304	-2821.20461651209	-2665.50142138149	-2554.57872207693	-2471.56650394453	-2407.61466100493	-2357.50665194509	-2317.90675768802	-2286.55006289658	-2261.65642091852	-2241.29340555989	-2224.57786432518	-2211.25242501641	-2200.6080322345	-2192.32207270041	-2186.05319903214	-2181.4020194955	-2178.05972931673	-2175.77135061249
-3511.60251292286	-3058.65175171304	-2821.20461651209	-2665.50142138149	-2554.57872207693	-2471.56650394453	-2407.61466100493	-2357.50665194509	-2317.90675768802	-2286.55006289658	-2261.65642091852	-2241.29340555989	-2224.57786432516	-2211.25242501641	-2200.60803223401	-2192.32207270041	-2186.05319879812	-2181.4020194955	-2178.05972931673	-2175.77135061108
-3511.60251292286	-3058.65175171304	-2821.20461651209	-2665.50142138149	-2554.57872207693	-2471.56650394453	-2407.61466100493	-2357.50665194509	-2317.90675768802	-2286.55006289658	-2261.65642091852	-2241.29340555989	-2224.57786432513	-2211.25242501641	-2200.6080322334	-2192.32207270041	-2186.05319864904	-2181.4020194955	-2178.05972931673	-2175.77135060965
-3511.60251292286	-3058.65175171304	-2821.20461651209	-2665.50142138149	-2554.57872207693	-2471.56650394453	-2407.61466100493	-2357.50665194509	-2317.90675768802	-2286.55006289658	-2261.65642091852	-2241.29340555989	-2224.57786432511	-2211.25242501641	-2200.60803223264	-2192.32207270041	-2186.05319855436	-2181.4020194955	-2178.05972931673	-2175.77135060821
-3511.60251292286	-3058.65175171304	-2821.20461651209	-2665.50142138149	-2554.57872207693	-2471.56650394453	-2407.61466100493	-2357.50665194509	-2317.90675768802	-2286.55006289658	-2261.65642091852	-2241.29340555989	-2224.5778643251	-2211.25242501641	-2200.6080322317	-2192.32207270041	-2186.05319849441	-2181.4020194955	-2178.05972931673	-2175.77135060676
-3511.60251292286	-3058.65175171304	-2821.20461651209	-2665.50142138149	-2554.57872207693	-2471.56650394453	-2407.61466100493	-2357.50665194509	-2317.90675768802	-2286.55006289658	-2261.65642091852	-2241.29340555989	-2224.57786432509	-2211.25242501641	-2200.60803223053	-2192.32207270041	-2186.05319845656	-2181.4020194955	-2178.05972931673	-2175.77135060531
-3511.60251292286	-3058.65175171304	-2821.20461651209	-2665.50142138149	-2554.57872207693	-2471.56650394453	-2407.61466100493	-2357.50665194509	-2317.90675768802	-2286.55006289658	-2261.65642091852	-2241.29340555989	-2224.57786432508	-2211.25242501641	-2200.60803222907	-2192.32207270041	-2186.05319843274	-2181.4020194955	-2178.05972931673	-2175.77135060384
-3511.60251292286	-3058.65175171304	-2821.20461651209	-2665.50142138149	-2554.57872207693	-2471.56650394453	-2407.61466100493	-2357.50665194509	-2317.90675768802	-2286.55006289658	-2261.65642091852	-2241.29340555989	-2224.57786432507	-2211.25242501641	-2200.60803222724	-2192.32207270041	-2186.05319841779	-2181.4020194955	-2178.05972931673	-2175.77135060237
-3511.60251292286	-3058.65175171304	-2821.20461651209	-2665.50142138149	-2554.57872207693	-2471.56650394453	-2407.61466100493	-2357.50665194509	-2317.90675768802	-2286.55006289658	-2261.65642091852	-2241.29340555989	-2224.57786432506	-2211.25242501641	-2200.60803222496	-2192.32207270041	-2186.05319840843	-2181.4020194955	-2178.05972931673	-2175.77135060088
-3511.60251292286	-3058.65175171304	-2821.20461651209	-2665.50142138149	-2554.57872207693	-2471.56650394453	-2407.61466100493	-2357.50665194509	-2317.90675768802	-2286.55006289658	-2261.65642091852	-2241.29340555989	-2224.57786432506	-2211.25242501641	-2200.6080322221	-2192.32207270041	-2186.0531984026	-2181.4020194955	-2178.05972931673	-2175.77135059939
-3511.60251292286	-3058.65175171304	-2821.20461651209	-2665.50142138149	-2554.57872207693	-2471.56650394453	-2407.61466100493	-2357.50665194509	-2317.90675768802	-2286.55006289658	-2261.65642091852	-2241.29340555989	-2224.57786432505	-2211.25242501641	-2200.60803221851	-2192.32207270041	-2186.05319839897	-2181.4020194955	-2178.05972931673	-2175.77135059789
-3511.60251292286	-3058.65175171304	-2821.20461651209	-2665.50142138149	-2554.57872207693	-2471.56650394453	-2407.61466100493	-2357.50665194509	-2317.90675768802	-2286.55006289658	-2261.65642091852	-2241.29340555989	-2224.57786432505	-2211.25242501641	-2200.60803221401	-2192.32207270041	-2186.05319839672	-2181.4020194955	-2178.05972931673	-2175.77135059638
-3511.60251292286	-3058.65175171304	-2821.20461651209	-2665.50142138149	-2554.57872207693	-2471.56650394453	-2407.61466100493	-2357.50665194509	-2317.90675768802	-2286.55006289658	-2261.65642091852	-2241.29340555989	-2224.57786432505	-2211.25242501641	-2200.60803220835	-2192.32207270041	-2186.05319839533	-2181.4020194955	-2178.05972931673	-2175.77135059486
-3511.60251292286	-3058.65175171304	-2821.20461651209	-2665.50142138149	-2554.57872207693	-2471.56650394453	-2407.61466100493	-2357.50665194509	-2317.90675768802	-2286.55006289658	-2261.65642091852	-2241.29340555989	-2224.57786432505	-2211.25242501641	-2200.60803220123	-2192.32207270041	-2186.05319839447	-2181.4020194955	-2178.05972931673	-2175.77135059333
-3511.60251292286	-3058.65175171304	-2821.20461651209	-2665.50142138149	-2554.57872207693	-2471.56650394453	-2407.61466100493	-2357.50665194509	-2317.90675768802	-2286.55006289658	-2261.65642091852	-2241.29340555989	-2224.57786432505	-2211.25242501641	-2200.60803219225	-2192.32207270041	-2186.05319839394	-2181.4020194955	-2178.05972931673	-2175.77135059179
-3511.60251292286	-3058.65175171304	-2821.20461651209	-2665.50142138149	-2554.57872207693	-2471.56650394453	-2407.61466100493	-2357.50665194509	-2317.90675768802	-2286.55006289658	-2261.65642091852	-2241.29340555989	-2224.57786432505	-2211.25242501641	-2200.60803218092	-2192.32207270041	-2186.05319839362	-2181.4020194955	-2178.05972931673	-2175.77135059024
-3511.60251292286	-3058.65175171304	-2821.20461651209	-2665.50142138149	-2554.57872207693	-2471.56650394453	-2407.61466100493	-2357.50665194509	-2317.90675768802	-2286.55006289658	-2261.65642091852	-2241.29340555989	-2224.57786432505	-2211.25242501641	-2200.6080321666	-2192.32207270041	-2186.05319839342	-2181.4020194955	-2178.05972931673	-2175.77135058868
-3511.60251292286	-3058.65175171304	-2821.20461651209	-2665.50142138149	-2554.57872207693	-2471.56650394453	-2407.61466100493	-2357.50665194509	-2317.90675768802	-2286.55006289658	-2261.65642091852	-2241.29340555989	-2224.57786432504	-2211.25242501641	-2200.60803214848	-2192.32207270041	-2186.05319839331	-2181.4020194955	-2178.05972931673	-2175.77135058711
-3511.60251292286	-3058.65175171304	-2821.20461651209	-2665.50142138149	-2554.57872207693	-2471.56650394453	-2407.61466100493	-2357.50665194509	-2317.90675768802	-2286.55006289658	-2261.65642091852	-2241.29340555989	-2224.57786432504	-2211.25242501641	-2200.60803212552	-2192.32207270041	-2186.05319839323	-2181.4020194955	-2178.05972931673	-2175.77135058553
-3511.60251292286	-3058.65175171304	-2821.20461651209	-2665.50142138149	-2554.57872207693	-2471.56650394453	-2407.61466100493	-2357.50665194509	-2317.90675768802	-2286.55006289658	-2261.65642091852	-2241.29340555989	-2224.57786432504	-2211.25242501641	-2200.60803209639	-2192.32207270041	-2186.05319839319	-2181.4020194955	-2178.05972931673	-2175.77135058395
-3511.60251292286	-3058.65175171304	-2821.20461651209	-2665.50142138149	-2554.57872207693	-2471.56650394453	-2407.61466100493	-2357.50665194509	-2317.90675768802	-2286.55006289658	-2261.65642091852	-2241.29340555989	-2224.57786432504	-2211.25242501641	-2200.60803205937	-2192.32207270041	-2186.05319839316	-2181.4020194955	-2178.05972931673	-2175.77135058236
-3511.60251292286	-3058.65175171304	-2821.20461651209	-2665.50142138149	-2554.57872207693	-2471.56650394453	-2407.61466100493	-2357.50665194509	-2317.90675768802	-2286.55006289658	-2261.65642091852	-2241.29340555989	-2224.57786432504	-2211.25242501641	-2200.60803201229	-2192.32207270041	-2186.05319839315	-2181.4020194955	-2178.05972931673	-2175.77135058075
-3511.60251292286	-3058.65175171304	-2821.20461651209	-2665.50142138149	-2554.57872207693	-2471.56650394453	-2407.61466100493	-2357.50665194509	-2317.90675768802	-2286.55006289658	-2261.65642091852	-2241.29340555989	-2224.57786432504	-2211.25242501641	-2200.6080319523	-2192.32207270041	-2186.05319839314	-2181.4020194955	-2178.05972931673	-2175.77135057914
-3511.60251292286	-3058.65175171304	-2821.20461651209	-2665.50142138149	-2554.57872207693	-2471.56650394453	-2407.61466100493	-2357.50665194509	-2317.90675768802	-2286.55006289658	-2261.65642091852	-2241.29340555989	-2224.57786432504	-2211.25242501641	-2200.60803187579	-2192.32207270041	-2186.05319839313	-2181.4020194955	-2178.05972931673	-2175.77135057752
-3511.60251292286	-3058.65175171304	-2821.20461651209	-2665.50142138149	-2554.57872207693	-2471.56650394453	-2407.61466100493	-2357.50665194509	-2317.90675768802	-2286.55006289658	-2261.65642091852	-2241.29340555989	-2224.57786432504	-2211.25242501641	-2200.60803177805	-2192.32207270041	-2186.05319839312	-2181.4020194955	-2178.05972931673	-2175.77135057588
-3511.60251292286	-3058.65175171304	-2821.20461651209	-2665.50142138149	-2554.57872207693	-2471.56650394453	-2407.61466100493	-2357.50665194509	-2317.90675768802	-2286.55006289658	-2261.65642091852	-2241.29340555989	-2224.57786432504	-2211.25242501641	-2200.60803165305	-2192.32207270041	-2186.05319839312	-2181.4020194955	-2178.05972931673	-2175.77135057424
-3511.60251292286	-3058.65175171304	-2821.20461651209	-2665.50142138149	-2554.57872207693	-2471.56650394453	-2407.61466100493	-2357.50665194509	-2317.90675768802	-2286.55006289658	-2261.65642091852	-2241.29340555989	-2224.57786432504	-2211.25242501641	-2200.60803149294	-2192.32207270041	-2186.05319839312	-2181.4020194955	-2178.05972931673	-2175.77135057259
-3511.60251292286	-3058.65175171304	-2821.20461651209	-2665.50142138149	-2554.57872207693	-2471.56650394453	-2407.61466100493	-2357.50665194509	-2317.90675768802	-2286.55006289658	-2261.65642091852	-2241.29340555989	-2224.57786432504	-2211.25242501641	-2200.60803128759	-2192.32207270041	-2186.05319839312	-2181.4020194955	-2178.05972931673	-2175.77135057093
-3511.60251292286	-3058.65175171304	-2821.20461651209	-2665.50142138149	-2554.57872207693	-2471.56650394453	-2407.61466100493	-2357.50665194509	-2317.90675768802	-2286.55006289658	-2261.65642091852	-2241.29340555989	-2224.57786432504	-2211.25242501641	-2200.60803102385	-2192.32207270041	-2186.05319839312	-2181.4020194955	-2178.05972931673	-2175.77135056926
-3511.60251292286	-3058.65175171304	-2821.20461651209	-2665.50142138149	-2554.57872207693	-2471.56650394453	-2407.61466100493	-2357.50665194509	-2317.90675768802	-2286.55006289658	-2261.65642091852	-2241.29340555989	-2224.57786432504	-2211.25242501641	-2200.60803068463	-2192.32207270041	-2186.05319839312	-2181.4020194955	-2178.05972931673	-2175.77135056758
-3511.60251292286	-3058.65175171304	-2821.20461651209	-2665.50142138149	-2554.57872207693	-2471.56650394453	-2407.61466100493	-2357.50665194509	-2317.90675768802	-2286.55006289658	-2261.65642091852	-2241.29340555989	-2224.57786432504	-2211.25242501641	-2200.60803024771	-2192.32207270041	-2186.05319839312	-2181.4020194955	-2178.05972931673	-2175.7713505659
-3511.60251292286	-3058.65175171304	-2821.20461651209	-2665.50142138149	-2554.57872207693	-2471.56650394453	-2407.61466100493	-2357.50665194509	-2317.90675768802	-2286.55006289658	-2261.65642091852	-2241.29340555989	-2224.57786432504	-2211.25242501641	-2200.60802968411	-2192.32207270041	-2186.05319839312	-2181.4020194955	-2178.05972931673	-2175.7713505642
-3511.60251292286	-3058.65175171304	-2821.20461651209	-2665.50142138149	-2554.57872207693	-2471.56650394453	-2407.61466100493	-2357.50665194509	-2317.90675768802	-2286.55006289658	-2261.65642091852	-2241.29340555989	-2224.57786432504	-2211.25242501641	-2200.608028956	-2192.32207270041	-2186.05319839312	-2181.4020194955	-2178.05972931673	-2175.7713505625
-3511.60251292286	-3058.65175171304	-2821.20461651209	-2665.50142138149	-2554.57872207693	-2471.56650394453	-2407.61466100493	-2357.50665194509	-2317.90675768802	-2286.55006289658	-2261.65642091852	-2241.29340555989	-2224.57786432504	-2211.25242501641	-2200.60802801389	-2192.32207270041	-2186.05319839312	-2181.4020194955	-2178.05972931673	-2175.77135056078
-3511.60251292286	-3058.65175171304	-2821.20461651209	-2665.50142138149	-2554.57872207693	-2471.56650394453	-2407.61466100493	-2357.50665194509	-2317.90675768802	-2286.55006289658	-2261.65642091852	-2241.29340555989	-2224.57786432504	-2211.25242501641	-2200.60802679286	-2192.32207270041	-2186.05319839312	-2181.4020194955	-2178.05972931673	-2175.77135055905
-3511.60251292286	-3058.65175171304	-2821.20461651209	-2665.50142138149	-2554.57872207693	-2471.56650394453	-2407.61466100493	-2357.50665194509	-2317.90675768802	-2286.55006289658	-2261.65642091852	-2241.29340555989	-2224.57786432504	-2211.25242501641	-2200.6080252076	-2192.32207270041	-2186.05319839312	-2181.4020194955	-2178.05972931673	-2175.77135055732
-3511.60251292286	-3058.65175171304	-2821.20461651209	-2665.50142138149	-2554.57872207693	-2471.56650394453	-2407.61466100493	-2357.50665194509	-2317.90675768802	-2286.55006289658	-2261.65642091852	-2241.29340555989	-2224.57786432504	-2211.25242501641	-2200.60802314564	-2192.32207270041	-2186.05319839312	-2181.4020194955	-2178.05972931673	-2175.77135055558
-3511.60251292286	-3058.65175171304	-2821.20461651209	-2665.50142138149	-2554.57872207693	-2471.56650394453	-2407.61466100493	-2357.50665194509	-2317.90675768802	-2286.55006289658	-2261.65642091852	-2241.29340555989	-2224.57786432504	-2211.25242501641	-2200.60802045821	-2192.32207270041	-2186.05319839312	-2181.4020194955	-2178.05972931673	-2175.77135055382
-3511.60251292286	-3058.65175171304	-2821.20461651209	-2665.50142138149	-2554.57872207693	-2471.56650394453	-2407.61466100493	-2357.50665194509	-2317.90675768802	-2286.55006289658	-2261.65642091852	-2241.29340555989	-2224.57786432504	-2211.25242501641	-2200.60801694786	-2192.32207270041	-2186.05319839312	-2181.4020194955	-2178.05972931673	-2175.77135055206
-3511.60251292286	-3058.65175171304	-2821.20461651209	-2665.50142138149	-2554.57872207693	-2471.56650394453	-2407.61466100493	-2357.50665194509	-2317.90675768802	-2286.55006289658	-2261.65642091852	-2241.29340555989	-2224.57786432504	-2211.25242501641	-2200.6080123512	-2192.32207270041	-2186.05319839312	-2181.4020194955	-2178.05972931673	-2175.77135055029
-3511.60251292286	-3058.65175171304	-2821.20461651209	-2665.50142138149	-2554.57872207693	-2471.56650394453	-2407.61466100493	-2357.50665194509	-2317.90675768802	-2286.55006289658	-2261.65642091852	-2241.29340555989	-2224.57786432504	-2211.25242501641	-2200.60800631511	-2192.32207270041	-2186.05319839312	-2181.4020194955	-2178.05972931673	-2175.77135054851
-3511.60251292286	-3058.65175171304	-2821.20461651209	-2665.50142138149	-2554.57872207693	-2471.56650394453	-2407.61466100493	-2357.50665194509	-2317.90675768802	-2286.55006289658	-2261.65642091852	-2241.29340555989	-2224.57786432504	-2211.25242501641	-2200.60799836293	-2192.32207270041	-2186.05319839312	-2181.4020194955	-2178.05972931673	-2175.77135054672
-3511.60251292286	-3058.65175171304	-2821.20461651209	-2665.50142138149	-2554.57872207693	-2471.56650394453	-2407.61466100493	-2357.50665194509	-2317.90675768802	-2286.55006289658	-2261.65642091852	-2241.29340555989	-2224.57786432504	-2211.25242501641	-2200.60798784616	-2192.32207270041	-2186.05319839312	-2181.4020194955	-2178.05972931673	-2175.77135054492
-3511.60251292286	-3058.65175171304	-2821.20461651209	-2665.50142138149	-2554.57872207693	-2471.56650394453	-2407.61466100493	-2357.50665194509	-2317.90675768802	-2286.55006289658	-2261.65642091852	-2241.29340555989	-2224.57786432504	-2211.25242501641	-2200.60797387392	-2192.32207270041	-2186.05319839312	-2181.4020194955	-2178.05972931673	-2175.77135054311
-3511.60251292286	-3058.65175171304	-2821.20461651209	-2665.50142138149	-2554.57872207693	-2471.56650394453	-2407.61466100493	-2357.50665194509	-2317.90675768802	-2286.55006289658	-2261.65642091852	-2241.29340555989	-2224.57786432504	-2211.25242501641	-2200.60795520795	-2192.32207270041	-2186.05319839312	-2181.4020194955	-2178.05972931673	-2175.7713505413
-3511.60251292286	-3058.65175171304	-2821.20461651209	-2665.50142138149	-2554.57872207693	-2471.56650394453	-2407.61466100493	-2357.50665194509	-2317.90675768802	-2286.55006289658	-2261.65642091852	-2241.29340555989	-2224.57786432504	-2211.25242501641	-2200.60793010308	-2192.32207270041	-2186.05319839312	-2181.4020194955	-2178.05972931673	-2175.77135053947
-3511.60251292286	-3058.65175171304	-2821.20461651209	-2665.50142138149	-2554.57872207693	-2471.56650394453	-2407.61466100493	-2357.50665194509	-2317.90675768802	-2286.55006289658	-2261.65642091852	-2241.29340555989	-2224.57786432504	-2211.25242501641	-2200.60789605909	-2192.32207270041	-2186.05319839312	-2181.4020194955	-2178.05972931673	-2175.77135053763
